,F1,F2,F3,F4,F5,F6,F7
F1,1.0,-0.1893,-0.2423,0.3628,0.5692,-0.5945,0.0396
F2,-0.1893,1.0,0.1403,-0.1469,-0.1996,-0.0183,-0.3532
F3,-0.2423,0.1403,1.0,-0.1616,-0.3829,0.2758,0.0586
F4,0.3628,-0.1469,-0.1616,1.0,0.2876,-0.1291,0.1685
F5,0.5692,-0.1996,-0.3829,0.2876,1.0,-0.5315,-0.1346
F6,-0.5945,-0.0183,0.2758,-0.1291,-0.5315,1.0,0.2171
F7,0.0396,-0.3532,0.0586,0.1685,-0.1346,0.2171,1.0
